
{ 
  "width": 300,
  "height": 300,
  "background": [255, 255, 255],

  "triangles": [
     { "points": [  [ -100.0100, -100.0100,   0.90 ],
                    [ -145.0100, -100.0100,   0.90 ],
                    [ -100.0100, -145.0100,   0.90 ] ],
       "color":  [251, 0, 0] 
     },
     { "points": [  [ -100.0100,  100.0100,   0.90 ],
                    [ -145.0100,  100.0100,   0.90 ],
                    [ -100.0100,  145.0100,   0.90 ] ],
       "color":  [0, 252, 0] 
     },
     { "points": [  [  100.0100,  100.0100,   0.90 ],
                    [  145.0100,  100.0100,   0.90 ],
                    [  100.0100,  145.0100,   0.90 ] ],
       "color":  [0, 0, 253] 
     },
     { "points": [  [  100.0100, -100.0100,   0.90 ],
                    [  145.0100, -100.0100,   0.90 ],
                    [  100.0100, -145.0100,   0.90 ] ],
       "color":  [250, 250, 0] 
     },
     { "points": [  [ -145.0100,    0.0100,   0.90 ],
                    [ -100.0100,   50.0100,   0.90 ],
                    [ -100.0100,  -50.0100,   0.90 ] ],
       "color":  [0, 250, 250] 
     },
     { "points": [  [  145.0100,    0.0100,   0.90 ],
                    [  100.0100,   50.0100,   0.90 ],
                    [  100.0100,  -50.0100,   0.90 ] ],
       "color":  [250, 0, 250] 
     },
     { "points": [  [    0.0100, -145.0100,   0.90 ],
                    [  -50.0100, -100.0100,   0.90 ],
                    [   50.0100, -100.0100,   0.90 ] ],
       "color":  [ 175, 250, 250] 
     },
     { "points": [  [    0.0100,  145.0100,   0.90 ],
                    [  -50.0100,  100.0100,   0.90 ],
                    [   50.0100,  100.0100,   0.90 ] ],
       "color":  [ 250, 175, 250] 
     },
     { "points": [  [ -145.0100, -145.0100,   0.85 ],
                    [ -145.0100, -100.0100,   0.85 ],
                    [ -100.0100, -145.0100,   0.85 ] ],
       "color":  [100, 100, 251] 
     },
     { "points": [  [ -145.0100,  145.0100,   0.85 ],
                    [ -145.0100,  100.0100,   0.85 ],
                    [ -100.0100,  145.0100,   0.85 ] ],
       "color":  [20, 20, 20] 
     },
     { "points": [  [  145.0100,  145.0100,   0.85 ],
                    [  145.0100,  100.0100,   0.85 ],
                    [  100.0100,  145.0100,   0.85 ] ],
       "color":  [251, 100, 100] 
     },
     { "points": [  [  145.0100, -145.0100,   0.85 ],
                    [  145.0100, -100.0100,   0.85 ],
                    [  100.0100, -145.0100,   0.85 ] ],
       "color":  [100, 200, 100] 
     },
  ]
}

